55.918559 49.32473
55.917133 49.298088
55.914527 49.279616
55.912986 49.329948
55.9309 49.327384
55.935136 49.057827
55.921613 49.053776
55.927465 49.049329
55.910933 49.071023
55.91731 49.129616
55.920324 49.282968
55.913078 49.162728
55.924461 49.327005
55.916313 49.175213
55.916906 49.153507
55.913382 49.061158
55.934097 49.305948
55.914891 49.310604
55.928176 49.299045
55.918039 49.140442
55.915184 49.116868
55.933285 49.046866
55.934253 49.317049
55.913662 49.10691
55.911927 49.139587
55.924799 49.290333
55.91245 49.093625
55.935226 49.33503
55.909432 49.052867
55.907856 49.031398
55.905013 48.978326
55.905582 48.992775
55.901347 49.129635
55.90139 48.920388
55.907887 49.17322
55.904929 49.073667
55.901478 48.907774
55.897827 49.285613
55.90591 49.002953
55.903051 48.962747
55.90652 49.31989
55.899715 48.895647
55.907478 49.302597
55.906971 49.016921
55.9004 49.081384
55.901846 49.293825
55.908732 49.041414
55.901474 48.93499
55.900602 49.19908
55.906604 49.135216
55.901531 49.2644
55.908202 49.272753
55.901768 49.311187
55.904169 49.185692
55.89932 49.327293
55.901625 48.947133
55.897066 48.962589
55.922088 49.306311
55.896732 49.257211
55.893527 49.279463
55.911827 49.082984
55.928644 49.310768
55.896896 49.139196
55.895463 49.126899
55.892597 49.249832
55.882189 49.091014
55.881452 48.90587
55.890031 49.09562
55.881964 49.071344
55.880132 49.251837
55.896448 48.886631
55.881751 48.871521
55.896229 49.3166
55.881166 49.04078
55.879434 49.14767
55.880325 49.197533
55.890623 49.220894
55.87918 49.016636
55.878585 49.235645
55.879016 49.208422
55.877903 49.001063
55.878393 49.082403
55.877878 49.262568
55.877195 49.131979
55.878259 48.976065
55.878125 48.940174
55.878053 49.054978
55.877733 49.104788
55.877266 48.858638
55.877114 48.898054
55.876587 49.118207
55.8755 48.886647
55.874433 49.283997
55.87443 48.870006
55.874908 49.191946
55.871751 48.945769
55.87339 49.297396
55.876094 49.034402
55.872694 49.149872
55.872945 48.959035
55.872879 49.247936
55.873324 49.020635
55.873027 49.272276
55.872581 49.097993
55.87314 49.227627
55.872591 48.935254
55.872241 48.974316
55.871559 49.084173
55.87119 49.001087
55.87148 49.042033
55.870204 49.030631
55.869978 48.878663
55.869946 49.05433
55.869616 49.207811
55.871423 48.857449
55.868945 49.193161
55.869894 49.065799
55.867982 49.220444
55.868911 48.847348
55.867909 49.107554
55.866983 49.009882
55.867664 49.143482
55.867055 48.930304
55.867232 49.234836
55.866301 48.972158
55.866668 49.30048
55.865953 49.07939
55.866965 49.094481
55.865835 48.942775
55.865715 48.958699
55.863626 48.87697
55.886709 49.083681
55.887766 49.242437
55.888981 49.186475
55.863216 48.898058
55.892568 48.878073
55.88602 49.266754
55.888255 48.867796
55.886087 49.114014
55.863536 49.062479
55.865709 48.834397
55.863451 49.244943
55.890711 48.890468
55.864884 48.917946
55.889961 49.122573
55.892505 49.200453
55.89274 49.086262
55.886357 49.199713
55.888326 48.964502
55.863187 49.197079
55.86245 49.020667
55.884678 48.976743
55.862463 49.207811
55.867093 48.865572
55.884702 48.99345
55.884326 49.055383
55.884535 48.888724
55.883387 48.86124
55.862191 49.306904
55.861691 48.855482
55.861482 49.231391
55.86166 49.087251
55.856255 49.003389
55.858961 49.10248
55.858884 48.830866
55.858296 48.903892
55.856614 49.211659
55.855536 49.025005
55.860845 49.074025
55.858148 49.190375
55.858744 49.055653
55.858056 48.872716
55.861935 48.984233
55.861796 49.220045
55.860279 48.887312
55.86194 48.999178
55.858208 49.316787
55.858072 49.252809
55.854385 49.198368
55.85675 48.862109
55.855973 49.112522
55.854071 49.084759
55.855567 49.234248
55.852999 49.339719
55.852464 49.054015
55.852938 48.853713
55.853934 49.073195
55.852149 48.840531
55.852462 49.318185
55.852111 48.905848
55.849233 48.831075
55.851089 49.132188
55.85202 49.247306
55.847094 49.11461
55.847108 49.195966
55.848605 49.222209
55.850762 49.208609
55.851051 48.887463
55.851704 49.035119
55.852039 49.282761
55.848775 49.062648
55.851103 49.258244
55.848304 49.268089
55.8507 49.010343
55.849327 49.185484
55.846165 49.284865
55.846256 49.099406
55.846026 49.338134
55.846815 49.157327
55.847802 49.087319
55.845817 49.014576
55.845787 49.247042
55.845234 49.234026
55.845681 48.840242
55.844372 49.133648
55.844909 49.320753
55.846871 49.050974
55.845413 48.892678
55.845138 48.929832
55.844695 49.213786
55.841953 49.080733
55.844313 48.851996
55.841589 48.946115
55.84298 49.034071
55.844261 48.907535
55.841623 49.14734
55.840996 49.069014
55.843338 49.186696
55.840599 49.108371
55.840799 49.199944
55.840444 49.158632
55.841278 48.967801
55.840704 49.093592
55.839595 49.125269
55.838262 49.020995
55.839463 48.893297
55.839476 48.956439
55.840261 49.241886
55.838255 48.851066
55.839276 49.051314
55.837392 49.21008
55.837049 49.34943
55.83572 49.101252
55.835285 48.965089
55.835755 49.142673
55.836134 49.276955
55.835218 48.977497
55.835133 49.235596
55.833059 49.073821
55.83481 49.089611
55.834645 49.194038
55.832999 48.892981
55.833505 49.160562
55.831912 49.054137
55.831824 48.849458
55.831583 48.986224
55.831884 49.306234
55.83252 49.121135
55.830955 49.350259
55.831032 48.937979
55.830893 49.227761
55.830303 49.262767
55.827676 49.015724
55.828504 49.092359
55.829787 48.998702
55.828392 49.134105
55.829575 49.184959
55.82986 48.868942
55.828528 48.879628
55.829703 49.147542
55.827626 49.23714
55.827459 49.03224
55.827265 49.195496
55.82719 48.895739
55.827005 49.07505
55.827097 49.253583
55.824908 49.348797
55.827095 49.063454
55.824742 49.105096
55.825265 48.905509
55.826205 48.828456
55.824638 49.158599
55.824653 49.119943
55.825245 48.854861
55.825491 48.839246
55.823616 48.872554
55.823873 49.288154
55.822416 49.147168
55.82397 49.303908
55.82254 49.229707
55.82206 49.094849
55.822077 49.26681
55.821767 49.13378
55.822892 49.182983
55.821644 48.890694
55.821549 49.057122
55.821219 49.19341
55.821531 49.028198
55.821104 49.278732
55.820403 49.31252
55.826433 49.042954
55.820018 48.843972
55.81946 49.113896
55.819452 49.077735
55.818224 49.047614
55.818195 48.89915
55.818782 49.347902
55.819526 48.85989
55.81693 48.911428
55.817728 49.202546
55.817906 49.256719
55.817024 49.220871
55.816543 49.123282
55.816179 49.146302
55.81595 48.881892
55.816219 49.065329
55.816269 48.870962
55.814226 49.085147
55.815603 49.180859
55.812621 49.346699
55.813794 48.842327
55.81437 49.312068
55.813809 49.210123
55.814243 49.106144
55.813363 48.858175
55.813474 49.05444
55.813396 49.290937
55.812863 49.276456
55.812327 49.194206
55.811804 48.939474
55.811986 49.260345
55.810835 49.224581
55.809526 49.182531
55.809334 49.299218
55.810389 48.913389
55.809429 49.095559
55.808833 48.926457
55.808733 48.897206
55.807883 49.250112
55.808233 49.082128
55.807982 49.268308
55.807018 48.841873
55.807061 49.313903
55.807061 48.885855
55.806155 49.050244
55.806106 49.070999
55.806016 48.943869
55.80615 49.197818
55.805902 49.344799
55.806006 49.400335
55.803789 49.390098
55.802889 49.240578
55.804931 49.278517
55.804523 49.148455
55.802832 49.186692
55.802147 48.981303
55.803505 49.010486
55.802004 49.105729
55.802687 48.997687
55.801792 49.209545
55.802447 49.023647
55.801504 49.288383
55.801713 49.379577
55.801492 49.26553
55.801008 48.841227
55.801801 49.133132
55.801162 49.172428
55.801449 49.227244
55.800883 49.302628
55.801074 49.362002
55.799087 49.34587
55.8002 49.3263
55.799583 49.077121
55.798843 49.062329
55.799593 49.035621
55.797501 49.051001
55.799296 49.251492
55.800435 48.967718
55.797461 49.217521
55.79714 49.151808
55.796721 49.086004
55.7969 49.193774
55.796101 49.235303
55.794892 48.977803
55.794868 49.100539
55.794412 49.206811
55.794408 49.339225
55.793369 49.171264
55.792611 49.247083
55.791682 49.119363
55.789986 49.184398
55.792344 49.223676
55.78979 49.14296
55.792657 49.257942
55.791733 49.060077
55.788836 49.2111
55.789722 48.995278
55.786865 49.338028
55.788578 49.231999
55.788412 49.101439
55.787094 49.171153
55.787486 49.153239
55.787069 49.090395
55.786803 49.254819
55.786816 48.963427
55.784929 49.120146
55.786661 49.01467
55.784655 48.830034
55.784696 48.982991
55.783539 48.840297
55.78337 49.185807
55.783879 48.851503
55.783318 49.196488
55.782143 49.13698
55.783175 49.237441
55.782364 49.208318
55.782108 49.223234
55.781859 49.098209
55.781792 49.084198
55.781798 49.159158
55.781697 49.340051
55.781624 49.263818
55.780822 49.251184
55.780211 48.949272
55.779577 48.98856
55.77961 49.274219
55.778394 49.111253
55.779062 49.172847
55.777739 48.839838
55.777552 48.851778
55.776771 49.146147
55.77734 49.189892
55.7763 49.131734
55.776229 49.094654
55.776169 49.202472
55.776155 49.220433
55.775113 49.346095
55.775186 49.264093
55.775073 48.976897
55.775002 48.829002
55.774774 48.953786
55.774483 49.121206
55.774396 49.231845
55.774578 49.165011
55.772956 48.98761
55.772937 49.242166
55.7725 49.050556
55.771455 48.851229
55.770498 49.25748
55.770344 49.100356
55.770093 49.200168
55.769369 49.132388
55.769177 48.976233
55.76892 49.114851
55.768611 49.084444
55.768492 49.270625
55.768657 49.145421
55.767793 49.157148
55.767816 48.961816
55.766972 48.987717
55.766796 49.217813
55.766614 48.82885
55.765253 49.170979
55.765192 48.851816
55.764984 49.184607
55.764764 49.230813
55.764356 49.255948
55.764185 49.101677
55.764167 49.079167
55.763358 48.971588
55.763204 49.130625
55.763075 49.112904
55.762462 48.842206
55.762091 49.302352
55.761072 49.240477
55.760979 49.210183
55.75976 49.262542
55.759274 49.171171
55.759168 49.192806
55.758611 49.071667
55.758399 48.965248
55.758421 49.293527
55.758254 49.152928
55.758012 48.834521
55.757617 49.10241
55.757547 49.123793
55.757535 49.229795
55.756076 49.203848
55.756358 49.252513
55.755742 49.181878
55.755964 49.138589
55.755454 49.11281
55.75413 49.273632
55.754194 48.957742
55.753305 49.214335
55.752676 49.19464
55.752928 49.284101
55.751895 49.080034
55.7515 49.153552
55.751421 49.174191
55.751137 49.228675
55.751019 49.294967
55.750327 49.240966
55.748322 49.104808
55.749421 49.125789
55.749217 49.16341
55.74939 49.184906
55.74921 49.258072
55.74811 49.142671
55.748119 49.276774
55.747401 49.208016
55.747587 49.303988
55.746391 48.94261
55.744763 49.232799
55.744256 49.097015
55.74421 49.285284
55.742642 49.122786
55.741548 48.935059
55.741052 49.192649
55.740618 49.176949
55.740598 49.262615
55.740393 49.244892
55.739278 49.300312
55.739178 49.109595
55.739009 49.132283
55.739108 49.217202
55.738415 49.28036
55.737702 49.166569
55.737832 49.204936
55.737553 49.233593
55.736909 48.944358
55.736539 48.957375
55.736533 48.928844
55.73495 49.256462
55.734805 49.098725
55.734462 48.97149
55.73423 48.982816
55.73345 49.242907
55.732938 49.144836
55.732034 49.180815
55.73191 49.311762
55.730942 48.921918
55.730844 49.111157
55.73056 49.131548
55.730058 49.158513
55.72953 49.169359
55.727799 49.320221
55.726896 49.122365
55.729294 49.191523
55.727034 49.087191
55.726838 49.146125
55.726477 48.916369
55.7234 49.111478
55.726055 49.101194
55.723726 49.173069
55.722881 49.185108
55.722887 49.198595
55.723049 48.828508
55.722623 49.329757
55.722809 49.313532
55.721875 49.128335
55.722421 49.156582
55.721771 49.357058
55.720909 48.909457
55.719089 49.33835
55.719987 48.837969
55.720083 49.097818
55.718303 49.321403
55.717946 49.204927
55.71644 48.903891
55.717342 48.847533
55.716334 49.181642
55.715407 48.859135
55.714467 49.102175
55.71583 49.130703
55.714059 48.868445
55.714699 49.08876
55.713396 49.210779
55.712669 49.324327
55.714079 49.162801
55.713651 49.349659
55.710552 49.191261
55.712576 48.878804
55.710834 48.896943
55.70991 49.337089
55.707824 49.217084
55.709042 49.147805
55.706508 49.093704
55.705956 48.890477
55.70582 49.183547
55.70791 49.353637
55.703459 48.911145
55.705563 48.902296
55.702562 49.085103
55.702742 49.141491
55.702532 49.223782
55.701452 49.067176
55.699879 48.968577
55.700719 48.922157
55.700176 49.179198
55.698503 48.930915
55.698145 48.95825
55.69858 49.15213
55.697931 49.1348
55.69783 49.092346
55.700293 48.886202
55.697636 49.189378
55.697326 49.058781
55.696762 49.074702
55.696512 49.227955
55.693477 49.122393
55.694873 49.199082
55.693913 49.209779
55.695718 48.941857
55.692263 49.155119
55.69196 48.954935
55.692809 49.051188
55.691099 49.071625
55.687506 49.206961
55.685152 49.230822
55.683591 48.959749
55.686551 49.14605
55.685538 49.219785
55.688997 49.240972
55.683862 49.044377
55.684317 49.247223
55.684365 49.128379
55.683524 49.155784
55.665595 49.216967
55.664866 49.119439
55.663438 49.295933
55.663142 49.036896
55.678389 49.126463
55.679447 49.163669
55.679197 49.253882
55.67617 49.115573
55.675188 48.954729
55.682329 49.193455
55.690879 49.138299
55.674947 49.184977
55.67862 49.202702
55.680053 48.968407
55.66235 49.159749
55.676731 49.100144
55.678696 49.223327
55.676307 49.173253
55.674186 49.234623
55.669246 49.038711
55.67152 49.122469
55.667907 49.280876
55.659644 49.116743
55.658731 49.218288
55.666848 49.168753
55.658761 49.152577
55.658296 49.030362
55.670452 49.175964
55.672066 49.217223
55.668045 49.231471
55.671761 49.270994
55.65843 49.305152
55.650035 49.032949
55.643628 49.206088
55.646733 49.00748
55.648268 49.291009
55.64976 49.134561
55.649731 49.019355
55.648449 49.199046
55.649438 49.214536
55.64385 49.031206
55.645785 49.126613
55.647522 49.108171
55.643548 49.017243
55.640597 49.107137
55.638191 49.022548
55.639777 49.215387
55.636961 49.056863
55.636397 49.290736
55.638505 49.040204
55.633377 49.223655
55.633189 49.260896
55.638247 49.122179
55.634845 49.08076
55.634384 49.271589
55.635866 49.068771
55.633759 49.128916
55.634762 49.104718
55.656468 49.281738
55.632563 49.166182
55.632248 49.147784
55.629996 49.137544
55.631598 48.897544
55.631803 49.250355
55.630406 49.239702
55.630581 49.292181
55.626716 49.013976
55.656145 49.204648
55.624681 49.284008
55.625067 49.230038
55.654246 49.143541
55.626118 49.148055
55.630357 49.279537
55.63254 49.017916
55.620476 49.395631
55.620151 49.014338
55.618962 49.137979
55.618834 49.159731
55.616917 49.288902
55.615772 49.149741
55.614759 49.01967
55.618594 49.229646
55.616409 49.169738
55.61381 49.190887
55.614387 49.13085
55.615269 49.179151
55.61293 49.225506
55.654876 49.292888
55.65415 49.194278
55.654373 49.114028
55.652576 49.308736
55.652932 49.223692
