55.935145 49.057788
55.935280 49.334994
55.934306 49.317002
55.934137 49.305952
55.933290 49.046666
55.930894 49.327345
55.928753 49.310866
55.928160 49.299064
55.927374 49.049434
55.924724 49.290224
55.924410 49.326915
55.922039 49.306274
55.921688 49.053682
55.920224 49.282929
55.918458 49.324641
55.918082 49.140197
55.917272 49.129554
55.917006 49.298034
55.916957 49.153286
55.916909 49.188260
55.916231 49.175215
55.915143 49.116937
55.914804 49.310565
55.914393 49.279538
55.913046 49.162830
55.913570 49.106445
55.913304 49.061278
55.912977 49.329941
55.912465 49.093578
55.912021 49.139725
55.911673 49.082855
55.910739 49.071191
55.909446 49.052821
55.908634 49.042010
55.908150 49.272844
55.907805 49.030418
55.907889 49.173198
55.907434 49.302660
55.906964 49.016068
55.906529 49.135219
55.906456 49.319963
55.905760 49.003236
55.905627 48.992389
55.905017 48.978497
55.904835 49.073637
55.904158 49.185557
55.903020 48.962705
55.901762 49.293915
55.901612 48.947495
55.901678 49.311166
55.901483 48.935101
55.901472 49.264347
55.901418 48.920673
55.901375 48.907474
55.901303 49.129683
55.900508 49.199243
55.900504 49.081190
55.899786 49.328446
55.899685 48.895559
55.897794 49.285718
55.896971 48.962576
55.896778 49.139102
55.896729 49.257524
55.896330 48.886597
55.896173 49.316530
55.895387 49.126893
55.892979 49.278852
55.892786 49.086168
55.892580 48.877885
55.892531 49.200405
55.892471 49.249885
55.890748 49.220618
55.890608 48.890480
55.889882 49.095609
55.889834 49.122602
55.888854 49.186458
55.888333 48.867736
55.888289 48.964264
55.887704 49.242632
55.886761 49.083722
55.886313 49.199718
55.886035 49.114191
55.885890 49.266814
55.884567 48.976737
55.884293 49.055356
55.884513 48.993226
55.884462 48.888936
55.883446 48.861099
55.882163 49.090760
55.881825 49.071599
55.881559 48.871427
55.881438 48.906101
55.881232 49.040679
55.880300 49.197616
55.880107 49.251988
55.879260 49.147578
55.879115 49.016690
55.878873 49.208130
55.878558 49.235852
55.878111 49.055013
55.878232 48.976094
55.878219 49.082585
55.877953 48.940132
55.877905 49.001113
55.877711 49.262649
55.877711 49.104750
55.877373 48.858714
55.877034 49.132215
55.876961 48.898012
55.876405 49.118203
55.876054 49.034414
55.875534 48.886554
55.874989 49.192166
55.874372 49.283959
55.874276 48.869839
55.873404 49.020617
55.872750 49.149841
55.873356 49.297648
55.871751 48.946305
55.872787 49.247825
55.872751 49.272479
55.872727 48.959057
55.872691 49.097927
55.872511 49.228560
55.872461 48.935283
55.872183 48.974334
55.871154 49.001070
55.871396 49.042053
55.871432 49.084108
55.871360 48.857480
55.870186 48.878808
55.870126 49.030637
55.870001 49.054340
55.869672 49.065858
55.869412 49.207786
55.868843 49.193067
55.868759 48.847566
55.867985 49.220137
55.867900 49.107625
55.867465 49.143366
55.867222 48.865590
55.867234 49.234779
55.867041 48.930390
55.866968 49.010017
55.866648 49.258084
55.866844 49.094542
55.866654 49.300523
55.866242 48.972232
55.865940 49.079516
55.865613 48.943007
55.865595 48.958703
55.865170 48.834106
55.864645 48.917795
55.863702 48.877005
55.863436 49.062523
55.863230 48.897905
55.863290 49.244993
55.863024 49.197015
55.862226 49.207786
55.862226 49.020681
55.861839 49.307175
55.861815 49.219931
55.861684 48.855447
55.861718 48.999139
55.861657 49.087463
55.861669 48.984312
55.861367 49.231153
55.860653 49.073830
55.860178 48.887428
55.858971 49.102776
55.858764 48.830721
55.858669 49.055699
55.858330 49.316273
55.858197 49.190320
55.858137 48.903848
55.858016 48.873100
55.857846 49.252760
55.856854 48.861964
55.856540 49.211606
55.856116 49.003237
55.855741 49.112517
55.855390 49.024780
55.855306 49.234221
55.854386 49.198689
55.854136 49.084659
55.853915 49.073069
55.852886 48.853660
55.852862 49.340047
55.852584 49.054111
55.852366 49.318397
55.852023 48.840800
55.852039 48.905779
55.851906 49.282843
55.851822 49.247181
55.851483 49.034843
55.851192 49.009695
55.851144 49.132172
55.850935 48.887194
55.850902 49.258124
55.850684 49.208602
55.849598 48.920642
55.849281 49.185686
55.849063 48.831345
55.848515 49.062562
55.848386 49.222377
55.848120 49.267823
55.847805 49.087434
55.847152 49.195813
55.846934 49.114878
55.846873 49.157277
55.846644 49.051022
55.846082 49.338133
55.846039 49.099471
55.845990 49.285117
55.845700 49.014459
55.845700 49.247267
55.845422 48.892669
55.845434 48.840250
55.845143 49.233921
55.844966 48.930061
55.844832 49.320484
55.844478 49.133717
55.844466 49.213944
55.844260 48.852030
55.844139 48.907437
55.843184 49.186587
55.842821 49.033792
55.841638 49.147403
55.841909 49.080737
55.841514 48.946183
55.841162 49.198898
55.841163 48.967747
55.840861 49.068745
55.840740 49.093764
55.840607 49.108269
55.840409 49.158635
55.840135 49.241731
55.839603 49.125306
55.839433 48.956310
55.839312 48.893098
55.839038 49.051293
55.838201 49.020929
55.838139 48.851128
55.837135 49.210104
55.837135 49.349274
55.835848 49.276878
55.835674 49.101372
55.835676 49.142734
55.835175 48.977424
55.835126 48.965194
55.835029 49.235552
55.833457 49.160667
55.834812 49.089558
55.834723 49.194040
55.833118 48.893012
55.833045 49.073916
55.832513 49.121036
55.832640 49.041720
55.832065 48.849583
55.831981 49.306360
55.831918 49.054377
55.831557 48.956482
55.831470 48.986026
55.830948 48.937743
55.830916 49.350089
55.830771 49.227913
55.830432 49.262823
55.829779 48.868981
55.829658 48.998709
55.829634 49.147449
55.829622 49.185042
55.828593 49.092262
55.828448 49.134146
55.828230 48.879666
55.827867 49.015618
55.827408 49.236839
55.827384 49.031968
55.827155 49.195540
55.827190 48.895373
55.827029 49.075196
55.826926 49.063394
55.826948 49.253962
55.826498 49.042911
55.824832 49.105006
55.825908 48.828470
55.825206 48.839220
55.825157 48.855119
55.824855 49.348790
55.824988 48.905414
55.824698 49.119920
55.824577 49.158693
55.823996 49.303999
55.823645 48.872328
55.823585 49.288229
55.822944 49.183154
55.822414 49.147278
55.822351 49.229866
55.822133 49.094837
55.821843 49.266664
55.821673 48.890910
55.821661 49.133803
55.821528 49.028320
55.821480 49.057287
55.821189 49.193582
55.820945 48.922056
55.820778 49.278702
55.820294 49.312582
55.819846 48.844198
55.819496 49.077585
55.819496 49.113976
55.819375 48.859497
55.818661 49.347707
55.818116 49.047546
55.817584 48.899635
55.817753 49.256923
55.817657 49.202379
55.816624 48.911370
55.816689 49.220854
55.816282 49.146265
55.816253 49.123096
55.816108 48.870654
55.816036 49.065226
55.815673 48.881576
55.815648 49.180901
55.814318 49.084988
55.814160 49.312067
55.814076 49.106252
55.813652 48.842043
55.813664 49.210447
55.812548 49.346562
55.813277 48.858510
55.813253 49.054240
55.813229 49.290696
55.812805 49.276728
55.812196 49.194361
55.811906 49.259941
55.811656 48.939274
55.810519 49.224501
55.810325 48.913396
55.809890 48.869281
55.809551 49.182467
55.809021 49.095267
55.809085 49.299429
55.808432 49.375740
55.808535 48.926421
55.808462 48.897347
55.808101 49.130372
55.808057 49.113279
55.808269 49.082048
55.807857 49.250486
55.807845 49.268080
55.807228 48.841902
55.807131 49.313827
55.806720 48.885974
55.806630 48.965175
55.806127 48.943822
55.806067 49.197787
55.805970 49.071170
55.805897 49.050442
55.805609 49.164511
55.805813 49.344853
55.805714 49.400372
55.804942 49.278466
55.804494 49.148479
55.803536 49.390166
55.803252 49.010311
55.802885 49.241002
55.802752 49.186587
55.802413 48.997529
55.802171 49.023578
55.801845 48.981201
55.801832 49.105737
55.801722 49.209368
55.801687 49.288035
55.801470 49.379893
55.801433 49.133116
55.801445 49.265591
55.801397 49.227484
55.801119 48.841559
55.801107 49.172554
55.800961 49.302583
55.800801 49.362184
55.800175 48.953972
55.800090 48.967726
55.799994 49.326250
55.799637 49.076667
55.799421 49.035773
55.799389 49.251773
55.798953 49.346227
55.798832 49.062136
55.797460 49.050924
55.797121 49.151715
55.797259 49.217270
55.796857 49.193601
55.796461 49.085911
55.795817 49.235148
55.794849 48.837859
55.794840 48.977725
55.794888 49.100416
55.794428 49.206585
55.794274 49.339219
55.793435 49.171078
55.792759 49.258124
55.792553 49.247095
55.792178 49.223321
55.791690 49.119462
55.791549 49.059948
55.789952 49.184355
55.789831 49.142815
55.789396 48.995191
55.788609 49.232033
55.788525 49.005855
55.788525 49.211305
55.788399 49.101467
55.787315 49.337987
55.787968 48.973691
55.787527 49.153157
55.787024 49.171267
55.786891 49.090460
55.786643 49.255073
55.786468 48.963198
55.786002 48.952002
55.786000 49.015746
55.785766 48.940733
55.785558 48.928867
55.785337 48.914063
55.785168 48.902406
55.784895 48.891253
55.784895 49.120156
55.784605 48.982745
55.784315 48.828899
55.784290 48.880267
55.783903 48.839649
55.783903 48.869345
55.783417 49.185796
55.783516 48.851600
55.783274 49.196660
55.783250 49.025488
55.783226 49.237354
55.782185 49.136935
55.782088 49.208430
55.782088 49.223235
55.781786 49.084580
55.781879 49.098341
55.781810 49.159251
55.781543 49.263669
55.781338 49.340047
55.780728 49.251137
55.780117 48.949101
55.779959 49.034543
55.779500 48.969270
55.779403 48.988410
55.779233 49.274453
55.779016 49.172768
55.778477 49.111235
55.777830 48.839842
55.777431 48.851858
55.777298 49.190041
55.776693 49.146248
55.776281 49.131550
55.776136 49.042868
55.776124 49.094751
55.775894 49.202293
55.775846 49.220274
55.775435 49.345411
55.775314 49.264218
55.775035 48.976918
55.774636 48.828985
55.774564 48.953392
55.774382 49.231689
55.774467 49.121229
55.774430 49.164829
55.772991 48.987681
55.772918 49.242160
55.771950 49.050807
55.771321 48.851386
55.770402 49.257481
55.770305 49.100201
55.769942 49.200062
55.769289 49.132278
55.768974 48.976223
55.768998 49.114749
55.768805 49.084967
55.768660 49.145454
55.768127 49.270612
55.767789 49.157491
55.767619 48.961417
55.767063 49.057287
55.766772 48.987552
55.766748 49.218000
55.766382 48.828915
55.765321 49.170966
55.765067 48.851901
55.764861 49.184605
55.764825 49.230831
55.764292 49.255678
55.764195 49.101660
55.763699 49.079044
55.763240 48.971802
55.762964 49.112942
55.763070 49.130713
55.762151 48.842417
55.761812 49.302626
55.761691 49.062308
55.761110 49.240379
55.761062 49.210275
55.759514 49.262287
55.759223 49.171267
55.759175 49.192895
55.758691 49.072350
55.758231 48.965494
55.758231 49.293700
55.758050 49.153208
55.757784 48.834885
55.757554 49.102261
55.757445 49.123632
55.757263 49.229973
55.756126 49.203945
55.756102 49.252245
55.755787 49.181995
55.755568 49.138182
55.755110 49.112667
55.754749 49.272518
55.753924 48.957941
55.753190 49.214581
55.752714 49.194783
55.752666 49.283873
55.751854 48.947545
55.751722 49.079731
55.751505 49.153286
55.751468 49.173906
55.751057 49.228621
55.750779 49.294515
55.750463 49.241033
55.748313 49.104909
55.749508 49.125778
55.749339 49.163327
55.749351 49.184849
55.748932 49.258039
55.747972 49.142643
55.747972 49.277092
55.747407 49.208029
55.747416 49.303570
55.746133 48.942835
55.744735 49.233097
55.743955 49.097369
55.743907 49.285117
55.742549 49.122826
55.741318 48.935283
55.741137 49.192659
55.740701 49.177060
55.740592 49.262287
55.740253 49.245379
55.739821 49.153579
55.739116 49.299923
55.739019 49.109170
55.738826 49.217227
55.738778 49.132108
55.738354 49.280568
55.737935 49.166366
55.737834 49.205276
55.737423 49.233620
55.736769 48.944037
55.736220 48.957555
55.736213 48.928931
55.734846 49.256494
55.734672 49.098499
55.734105 48.971664
55.733875 48.982638
55.733466 49.242804
55.732813 49.144703
55.732343 49.180900
55.731688 49.311552
55.731228 48.922666
55.730599 49.111058
55.730318 49.131493
55.730043 49.158628
55.729551 49.169657
55.729279 49.191202
55.727647 49.319792
55.726958 49.122406
55.726970 49.087370
55.726534 49.146012
55.726135 48.916336
55.725881 49.101403
55.723772 49.173216
55.723171 49.111080
55.722889 49.184942
55.722852 49.198663
55.722768 48.828355
55.722553 49.313324
55.722445 49.329533
55.722176 49.156831
55.721780 49.128181
55.721635 49.357170
55.721042 48.909963
55.720086 49.097969
55.719687 48.837868
55.718792 49.338288
55.718308 49.321594
55.717921 49.205083
55.717001 48.847588
55.716130 49.181480
55.716009 48.903698
55.715791 49.130584
55.715235 48.857952
55.714521 49.102475
55.714424 49.088850
55.714025 49.162684
55.713735 48.868423
55.713420 49.349531
55.712743 49.210704
55.712404 49.324062
55.712234 48.878829
55.710952 48.897432
55.710347 49.191050
55.709694 49.336829
55.709065 49.147964
55.707879 49.217099
55.707879 49.353951
55.706331 49.093978
55.705847 48.890585
55.705629 49.183712
55.705363 48.901702
55.703500 48.949530
55.702967 48.911809
55.702846 49.223450
55.702677 49.141913
55.702556 49.085181
55.701110 49.067267
55.700548 48.921679
55.700233 48.886447
55.700040 49.179463
55.699580 48.968755
55.698418 49.152277
55.698080 48.931485
55.697910 48.958413
55.697806 49.134525
55.697838 49.092133
55.697354 49.189247
55.697233 49.058961
55.696797 49.074839
55.696289 49.227891
55.695563 48.941376
55.694644 49.198903
55.693628 49.209589
55.693216 49.122624
55.692660 49.051408
55.692152 49.155431
55.691765 48.954551
55.691039 49.071277
55.690748 49.138094
55.689103 49.240658
55.687470 49.206907
55.686659 49.146162
55.684276 49.128395
55.685280 49.219716
55.684990 49.231089
55.684107 49.247160
55.683721 48.959842
55.683683 49.044670
55.683514 49.155517
55.682309 49.193476
55.679969 48.968403
55.679328 49.163456
55.679207 49.253833
55.678650 49.202722
55.678650 49.223149
55.678287 49.126550
55.676442 49.173285
55.676618 49.099901
55.676049 49.115371
55.675227 49.186007
55.674948 48.954744
55.673980 49.234908
55.671918 49.217152
55.671624 49.270921
55.671319 49.122109
55.670641 49.176888
55.669190 49.038877
55.667956 49.231174
55.667774 49.281062
55.667581 49.049262
55.666552 49.168692
55.666504 49.105737
55.665451 49.216884
55.665391 49.119856
55.663286 49.296039
55.663141 49.037203
55.662512 49.160581
55.660963 48.857973
55.659560 49.116852
55.658519 49.218257
55.658422 49.152341
55.658253 49.030637
55.658253 49.305115
55.656390 49.281906
55.656208 49.204654
55.654914 49.292856
55.654115 49.143673
55.653847 49.010915
55.653994 49.194483
55.653716 49.113805
55.653255 48.863236
55.652918 49.223536
55.652422 49.308720
55.650026 49.033023
55.649905 49.135219
55.649663 49.019222
55.649313 49.214610
55.648405 49.198817
55.648236 49.290911
55.647510 49.108312
55.646590 49.007464
55.645768 49.126893
55.643953 49.031324
55.643469 49.017034
55.643469 49.206070
55.642804 49.234436
55.640711 49.107153
55.639876 49.215339
55.638461 49.039070
55.638267 49.121873
55.638146 49.022570
55.636791 49.057459
55.636513 49.290782
55.635823 49.068080
55.634734 49.080439
55.634686 49.104836
55.634226 49.271471
55.633621 49.128782
55.633355 49.223450
55.633041 49.260828
55.632545 49.018021
55.632508 49.166246
55.632145 49.147986
55.631662 49.250293
55.631565 48.897540
55.630480 49.292184
55.630258 49.239693
55.630210 49.279538
55.629919 49.137450
55.626617 49.013987
55.626096 49.148136
55.625153 49.229930
55.624669 49.283916
55.620374 49.395621
55.620229 49.014330
55.618886 49.138008
55.618813 49.159851
55.618571 49.229672
55.616928 49.288856
55.616345 49.169722
55.615693 49.149724
55.615039 49.180257
55.614809 49.019651
55.614337 49.130884
55.613756 49.190749
55.612910 49.225553
